{
 "cells": [
  {
   "attachments": {},
   "cell_type": "markdown",
   "metadata": {},
   "source": [
    "## PART 2  OPTIMIZATION"
   ]
  },
  {
   "cell_type": "code",
   "execution_count": 19,
   "metadata": {},
   "outputs": [
    {
     "data": {
      "text/html": [
       "<div>\n",
       "<style scoped>\n",
       "    .dataframe tbody tr th:only-of-type {\n",
       "        vertical-align: middle;\n",
       "    }\n",
       "\n",
       "    .dataframe tbody tr th {\n",
       "        vertical-align: top;\n",
       "    }\n",
       "\n",
       "    .dataframe thead th {\n",
       "        text-align: right;\n",
       "    }\n",
       "</style>\n",
       "<table border=\"1\" class=\"dataframe\">\n",
       "  <thead>\n",
       "    <tr style=\"text-align: right;\">\n",
       "      <th></th>\n",
       "      <th>Longitude</th>\n",
       "      <th>Latitude</th>\n",
       "    </tr>\n",
       "  </thead>\n",
       "  <tbody>\n",
       "    <tr>\n",
       "      <th>0</th>\n",
       "      <td>6.084592</td>\n",
       "      <td>3.647243</td>\n",
       "    </tr>\n",
       "    <tr>\n",
       "      <th>1</th>\n",
       "      <td>3.757416</td>\n",
       "      <td>5.566100</td>\n",
       "    </tr>\n",
       "    <tr>\n",
       "      <th>2</th>\n",
       "      <td>4.804498</td>\n",
       "      <td>4.596598</td>\n",
       "    </tr>\n",
       "    <tr>\n",
       "      <th>3</th>\n",
       "      <td>4.703749</td>\n",
       "      <td>4.920296</td>\n",
       "    </tr>\n",
       "    <tr>\n",
       "      <th>4</th>\n",
       "      <td>-8.178210</td>\n",
       "      <td>-0.909409</td>\n",
       "    </tr>\n",
       "    <tr>\n",
       "      <th>5</th>\n",
       "      <td>-7.778165</td>\n",
       "      <td>-1.765424</td>\n",
       "    </tr>\n",
       "    <tr>\n",
       "      <th>6</th>\n",
       "      <td>-7.054886</td>\n",
       "      <td>-2.096278</td>\n",
       "    </tr>\n",
       "    <tr>\n",
       "      <th>7</th>\n",
       "      <td>-8.078685</td>\n",
       "      <td>-0.019262</td>\n",
       "    </tr>\n",
       "    <tr>\n",
       "      <th>8</th>\n",
       "      <td>0.319826</td>\n",
       "      <td>1.534481</td>\n",
       "    </tr>\n",
       "    <tr>\n",
       "      <th>9</th>\n",
       "      <td>1.489526</td>\n",
       "      <td>2.431312</td>\n",
       "    </tr>\n",
       "    <tr>\n",
       "      <th>10</th>\n",
       "      <td>0.123605</td>\n",
       "      <td>-0.630716</td>\n",
       "    </tr>\n",
       "    <tr>\n",
       "      <th>11</th>\n",
       "      <td>-2.544777</td>\n",
       "      <td>-0.173198</td>\n",
       "    </tr>\n",
       "  </tbody>\n",
       "</table>\n",
       "</div>"
      ],
      "text/plain": [
       "    Longitude  Latitude\n",
       "0    6.084592  3.647243\n",
       "1    3.757416  5.566100\n",
       "2    4.804498  4.596598\n",
       "3    4.703749  4.920296\n",
       "4   -8.178210 -0.909409\n",
       "5   -7.778165 -1.765424\n",
       "6   -7.054886 -2.096278\n",
       "7   -8.078685 -0.019262\n",
       "8    0.319826  1.534481\n",
       "9    1.489526  2.431312\n",
       "10   0.123605 -0.630716\n",
       "11  -2.544777 -0.173198"
      ]
     },
     "metadata": {},
     "output_type": "display_data"
    },
    {
     "data": {
      "text/html": [
       "<div>\n",
       "<style scoped>\n",
       "    .dataframe tbody tr th:only-of-type {\n",
       "        vertical-align: middle;\n",
       "    }\n",
       "\n",
       "    .dataframe tbody tr th {\n",
       "        vertical-align: top;\n",
       "    }\n",
       "\n",
       "    .dataframe thead th {\n",
       "        text-align: right;\n",
       "    }\n",
       "</style>\n",
       "<table border=\"1\" class=\"dataframe\">\n",
       "  <thead>\n",
       "    <tr style=\"text-align: right;\">\n",
       "      <th></th>\n",
       "      <th>stop0</th>\n",
       "      <th>stop1</th>\n",
       "      <th>stop2</th>\n",
       "      <th>stop3</th>\n",
       "      <th>stop4</th>\n",
       "      <th>stop5</th>\n",
       "      <th>stop6</th>\n",
       "      <th>stop7</th>\n",
       "      <th>stop8</th>\n",
       "      <th>stop9</th>\n",
       "      <th>stop10</th>\n",
       "      <th>stop11</th>\n",
       "    </tr>\n",
       "  </thead>\n",
       "  <tbody>\n",
       "    <tr>\n",
       "      <th>0</th>\n",
       "      <td>0.000000</td>\n",
       "      <td>3.016249</td>\n",
       "      <td>1.593711</td>\n",
       "      <td>1.878135</td>\n",
       "      <td>14.972996</td>\n",
       "      <td>14.881969</td>\n",
       "      <td>14.339942</td>\n",
       "      <td>14.630164</td>\n",
       "      <td>6.139730</td>\n",
       "      <td>4.753223</td>\n",
       "      <td>7.337186</td>\n",
       "      <td>9.437255</td>\n",
       "    </tr>\n",
       "    <tr>\n",
       "      <th>1</th>\n",
       "      <td>3.016249</td>\n",
       "      <td>0.000000</td>\n",
       "      <td>1.426995</td>\n",
       "      <td>1.145691</td>\n",
       "      <td>13.579080</td>\n",
       "      <td>13.668243</td>\n",
       "      <td>13.252092</td>\n",
       "      <td>13.087764</td>\n",
       "      <td>5.298205</td>\n",
       "      <td>3.869137</td>\n",
       "      <td>7.183670</td>\n",
       "      <td>8.523919</td>\n",
       "    </tr>\n",
       "    <tr>\n",
       "      <th>2</th>\n",
       "      <td>1.593711</td>\n",
       "      <td>1.426995</td>\n",
       "      <td>0.000000</td>\n",
       "      <td>0.339015</td>\n",
       "      <td>14.102015</td>\n",
       "      <td>14.099600</td>\n",
       "      <td>13.617620</td>\n",
       "      <td>13.685123</td>\n",
       "      <td>5.430363</td>\n",
       "      <td>3.959483</td>\n",
       "      <td>7.016806</td>\n",
       "      <td>8.761438</td>\n",
       "    </tr>\n",
       "    <tr>\n",
       "      <th>3</th>\n",
       "      <td>1.878135</td>\n",
       "      <td>1.145691</td>\n",
       "      <td>0.339015</td>\n",
       "      <td>0.000000</td>\n",
       "      <td>14.139672</td>\n",
       "      <td>14.159697</td>\n",
       "      <td>13.692984</td>\n",
       "      <td>13.703644</td>\n",
       "      <td>5.539180</td>\n",
       "      <td>4.065252</td>\n",
       "      <td>7.196627</td>\n",
       "      <td>8.859165</td>\n",
       "    </tr>\n",
       "    <tr>\n",
       "      <th>4</th>\n",
       "      <td>14.972996</td>\n",
       "      <td>13.579080</td>\n",
       "      <td>14.102015</td>\n",
       "      <td>14.139672</td>\n",
       "      <td>0.000000</td>\n",
       "      <td>0.944880</td>\n",
       "      <td>1.634171</td>\n",
       "      <td>0.895693</td>\n",
       "      <td>8.842467</td>\n",
       "      <td>10.228662</td>\n",
       "      <td>8.306492</td>\n",
       "      <td>5.681336</td>\n",
       "    </tr>\n",
       "    <tr>\n",
       "      <th>5</th>\n",
       "      <td>14.881969</td>\n",
       "      <td>13.668243</td>\n",
       "      <td>14.099600</td>\n",
       "      <td>14.159697</td>\n",
       "      <td>0.944880</td>\n",
       "      <td>0.000000</td>\n",
       "      <td>0.795359</td>\n",
       "      <td>1.771833</td>\n",
       "      <td>8.744531</td>\n",
       "      <td>10.173626</td>\n",
       "      <td>7.982827</td>\n",
       "      <td>5.470240</td>\n",
       "    </tr>\n",
       "    <tr>\n",
       "      <th>6</th>\n",
       "      <td>14.339942</td>\n",
       "      <td>13.252092</td>\n",
       "      <td>13.617620</td>\n",
       "      <td>13.692984</td>\n",
       "      <td>1.634171</td>\n",
       "      <td>0.795359</td>\n",
       "      <td>0.000000</td>\n",
       "      <td>2.315634</td>\n",
       "      <td>8.220024</td>\n",
       "      <td>9.669853</td>\n",
       "      <td>7.326569</td>\n",
       "      <td>4.902991</td>\n",
       "    </tr>\n",
       "    <tr>\n",
       "      <th>7</th>\n",
       "      <td>14.630164</td>\n",
       "      <td>13.087764</td>\n",
       "      <td>13.685123</td>\n",
       "      <td>13.703644</td>\n",
       "      <td>0.895693</td>\n",
       "      <td>1.771833</td>\n",
       "      <td>2.315634</td>\n",
       "      <td>0.000000</td>\n",
       "      <td>8.541025</td>\n",
       "      <td>9.877043</td>\n",
       "      <td>8.225050</td>\n",
       "      <td>5.536049</td>\n",
       "    </tr>\n",
       "    <tr>\n",
       "      <th>8</th>\n",
       "      <td>6.139730</td>\n",
       "      <td>5.298205</td>\n",
       "      <td>5.430363</td>\n",
       "      <td>5.539180</td>\n",
       "      <td>8.842467</td>\n",
       "      <td>8.744531</td>\n",
       "      <td>8.220024</td>\n",
       "      <td>8.541025</td>\n",
       "      <td>0.000000</td>\n",
       "      <td>1.473941</td>\n",
       "      <td>2.174070</td>\n",
       "      <td>3.334985</td>\n",
       "    </tr>\n",
       "    <tr>\n",
       "      <th>9</th>\n",
       "      <td>4.753223</td>\n",
       "      <td>3.869137</td>\n",
       "      <td>3.959483</td>\n",
       "      <td>4.065252</td>\n",
       "      <td>10.228662</td>\n",
       "      <td>10.173626</td>\n",
       "      <td>9.669853</td>\n",
       "      <td>9.877043</td>\n",
       "      <td>1.473941</td>\n",
       "      <td>0.000000</td>\n",
       "      <td>3.352873</td>\n",
       "      <td>4.801986</td>\n",
       "    </tr>\n",
       "    <tr>\n",
       "      <th>10</th>\n",
       "      <td>7.337186</td>\n",
       "      <td>7.183670</td>\n",
       "      <td>7.016806</td>\n",
       "      <td>7.196627</td>\n",
       "      <td>8.306492</td>\n",
       "      <td>7.982827</td>\n",
       "      <td>7.326569</td>\n",
       "      <td>8.225050</td>\n",
       "      <td>2.174070</td>\n",
       "      <td>3.352873</td>\n",
       "      <td>0.000000</td>\n",
       "      <td>2.707321</td>\n",
       "    </tr>\n",
       "    <tr>\n",
       "      <th>11</th>\n",
       "      <td>9.437255</td>\n",
       "      <td>8.523919</td>\n",
       "      <td>8.761438</td>\n",
       "      <td>8.859165</td>\n",
       "      <td>5.681336</td>\n",
       "      <td>5.470240</td>\n",
       "      <td>4.902991</td>\n",
       "      <td>5.536049</td>\n",
       "      <td>3.334985</td>\n",
       "      <td>4.801986</td>\n",
       "      <td>2.707321</td>\n",
       "      <td>0.000000</td>\n",
       "    </tr>\n",
       "  </tbody>\n",
       "</table>\n",
       "</div>"
      ],
      "text/plain": [
       "        stop0      stop1      stop2      stop3      stop4      stop5  \\\n",
       "0    0.000000   3.016249   1.593711   1.878135  14.972996  14.881969   \n",
       "1    3.016249   0.000000   1.426995   1.145691  13.579080  13.668243   \n",
       "2    1.593711   1.426995   0.000000   0.339015  14.102015  14.099600   \n",
       "3    1.878135   1.145691   0.339015   0.000000  14.139672  14.159697   \n",
       "4   14.972996  13.579080  14.102015  14.139672   0.000000   0.944880   \n",
       "5   14.881969  13.668243  14.099600  14.159697   0.944880   0.000000   \n",
       "6   14.339942  13.252092  13.617620  13.692984   1.634171   0.795359   \n",
       "7   14.630164  13.087764  13.685123  13.703644   0.895693   1.771833   \n",
       "8    6.139730   5.298205   5.430363   5.539180   8.842467   8.744531   \n",
       "9    4.753223   3.869137   3.959483   4.065252  10.228662  10.173626   \n",
       "10   7.337186   7.183670   7.016806   7.196627   8.306492   7.982827   \n",
       "11   9.437255   8.523919   8.761438   8.859165   5.681336   5.470240   \n",
       "\n",
       "        stop6      stop7     stop8      stop9    stop10    stop11  \n",
       "0   14.339942  14.630164  6.139730   4.753223  7.337186  9.437255  \n",
       "1   13.252092  13.087764  5.298205   3.869137  7.183670  8.523919  \n",
       "2   13.617620  13.685123  5.430363   3.959483  7.016806  8.761438  \n",
       "3   13.692984  13.703644  5.539180   4.065252  7.196627  8.859165  \n",
       "4    1.634171   0.895693  8.842467  10.228662  8.306492  5.681336  \n",
       "5    0.795359   1.771833  8.744531  10.173626  7.982827  5.470240  \n",
       "6    0.000000   2.315634  8.220024   9.669853  7.326569  4.902991  \n",
       "7    2.315634   0.000000  8.541025   9.877043  8.225050  5.536049  \n",
       "8    8.220024   8.541025  0.000000   1.473941  2.174070  3.334985  \n",
       "9    9.669853   9.877043  1.473941   0.000000  3.352873  4.801986  \n",
       "10   7.326569   8.225050  2.174070   3.352873  0.000000  2.707321  \n",
       "11   4.902991   5.536049  3.334985   4.801986  2.707321  0.000000  "
      ]
     },
     "metadata": {},
     "output_type": "display_data"
    }
   ],
   "source": [
    "import pandas as pd\n",
    "import matplotlib.pyplot as plt\n",
    "import numpy as np\n",
    "\n",
    "stops_cols = [\"Longitude\", \"Latitude\"]\n",
    "stops = pd.read_csv('stops.csv',names=stops_cols)\n",
    "distances_cols = ['stop0','stop1','stop2','stop3','stop4','stop5','stop6','stop7','stop8','stop9','stop10','stop11']\n",
    "distances = pd.read_csv('distances.csv',names=distances_cols)\n",
    "distance_matrix = distances.to_numpy()\n",
    "\n",
    "display(stops,distances)"
   ]
  },
  {
   "cell_type": "code",
   "execution_count": null,
   "metadata": {},
   "outputs": [],
   "source": [
    "\n",
    "# stops_shuffled = stops.sample(frac=1)\n",
    "# stops_shuffled"
   ]
  },
  {
   "cell_type": "code",
   "execution_count": 32,
   "metadata": {},
   "outputs": [
    {
     "data": {
      "text/plain": [
       "[array([3, 4, 1, 5]), array([ 6,  9, 11,  7]), array([ 8,  2,  0, 10])]"
      ]
     },
     "execution_count": 32,
     "metadata": {},
     "output_type": "execute_result"
    }
   ],
   "source": [
    "num_vessels = 3\n",
    "stops_per_route = 4\n",
    "import random\n",
    "\n",
    "stop_indices = list(range(0,len(stops))) \n",
    "random.shuffle(stop_indices)\n",
    "ferry_routes = []\n",
    "# divide the stops into sublists of length stops_per_route\n",
    "routes = np.array_split(stop_indices, num_vessels)\n",
    "routes\n",
    "\n",
    "\n"
   ]
  },
  {
   "cell_type": "code",
   "execution_count": 34,
   "metadata": {},
   "outputs": [
    {
     "name": "stdout",
     "output_type": "stream",
     "text": [
      "THIS IS THE ROUTE [3 4 1 5]\n",
      "41.38699481547633\n",
      "THIS IS THE ROUTE [ 6  9 11  7]\n",
      "20.007887603516092\n",
      "THIS IS THE ROUTE [ 8  2  0 10]\n",
      "14.361259724282974\n"
     ]
    }
   ],
   "source": [
    "def calc_route_distance(choosen_route):\n",
    "    print('THIS IS THE ROUTE' ,choosen_route)\n",
    "    total_distance = 0\n",
    "    for i, stop in enumerate(choosen_route):\n",
    "        if i < len(choosen_route) - 1:\n",
    "            next_stop = choosen_route[i + 1]\n",
    "            total_distance += distance_matrix[stop][next_stop]\n",
    "    return total_distance\n",
    "        \n",
    "for i in range(len(routes)):\n",
    "    print(calc_route_distance(routes[i]))\n",
    "    "
   ]
  }
 ],
 "metadata": {
  "kernelspec": {
   "display_name": "Python 3",
   "language": "python",
   "name": "python3"
  },
  "language_info": {
   "codemirror_mode": {
    "name": "ipython",
    "version": 3
   },
   "file_extension": ".py",
   "mimetype": "text/x-python",
   "name": "python",
   "nbconvert_exporter": "python",
   "pygments_lexer": "ipython3",
   "version": "3.11.2"
  },
  "orig_nbformat": 4
 },
 "nbformat": 4,
 "nbformat_minor": 2
}
